,지역,독거노인수,총인구수,65세이상인구수,독거노인/노인,노인/전체
0,수원시,34656,1242212.0,117844.0,0.2940837038797054,0.09486625471336615
1,성남시,29045,972280.0,120370.0,0.24129766553127857,0.12380178549389065
2,안양시,14204,584239.0,67827.0,0.20941512966812625,0.11609461196530872
3,부천시,22791,868106.0,98097.0,0.23233126395302608,0.11300117727558616
4,광명시,9263,333114.0,40002.0,0.23156342182890854,0.12008501594048884
5,평택시,15716,518672.0,58837.0,0.2671108316195591,0.11343777956010735
6,안산시,17146,717130.0,63275.0,0.2709758988542078,0.08823365359139905
7,과천시,1511,58325.0,7774.0,0.19436583483406225,0.1332876125160737
8,오산시,4323,229520.0,18690.0,0.23130016051364366,0.0814308121296619
9,시흥시,11022,483327.0,37781.0,0.29173394034038275,0.07816861048524085
10,군포시,7366,283876.0,31814.0,0.2315332872320362,0.11207005875804929
11,의왕시,3761,155084.0,19166.0,0.19623291244912866,0.12358463800263084
12,하남시,8719,256760.0,30344.0,0.287338518323227,0.11818040193176507
13,용인시,21967,1053522.0,125266.0,0.17536282790222407,0.11890212069610316
14,이천시,6865,221585.0,28038.0,0.2448462800485056,0.12653383577408217
15,안성시,7925,194954.0,29385.0,0.26969542283477965,0.1507278640089457
16,김포시,10441,443019.0,48668.0,0.21453521821319965,0.10985533351842698
17,화성시,13842,798100.0,63705.0,0.21728278785024724,0.07982082445808796
18,광주시,9260,376819.0,42937.0,0.21566481123506534,0.11394595283146551
19,여주시,5923,115074.0,21980.0,0.2694722474977252,0.1910075255922276
20,양평군,7781,117670.0,26932.0,0.2889128174662112,0.22887736891306196
21,의정부시,15078,451542.0,61525.0,0.24507110930516052,0.13625532065677168
22,동두천시,5351,99566.0,17744.0,0.3015667267808837,0.1782134463571902
23,고양시,29219,1056853.0,126800.0,0.23043375394321766,0.11997884284758618
24,구리시,6978,204977.0,23834.0,0.2927750272719644,0.11627646028578816
25,남양주시,20009,688965.0,86748.0,0.23065661456171901,0.12591060503799176
26,파주시,14532,463122.0,57977.0,0.25065112027183195,0.12518731565332678
27,양주시,7939,224250.0,31181.0,0.25461017927584106,0.13904570791527313
28,포천시,8132,163474.0,26370.0,0.3083807356844899,0.16131005542165727
29,연천군,3499,45606.0,10623.0,0.3293796479337287,0.23292987764767795
30,가평군,4515,63936.0,14837.0,0.30430680056615217,0.23206018518518517
